53 006 -1243.95233811   3.2266  -2.6259    3.6457
53 001 -1245.27735108   1.9016  -3.2884    0.1704
53 002 -1245.30626535   1.8727  -3.3029    2.9023
53 008 -1245.92715592   1.2518  -3.6133    1.9909
53 012 -1245.93354346   1.2454  -3.6165    1.5054
53 011 -1247.09584692   0.0831  -4.1977    2.0699
53 004 -1247.15873017   0.0202  -4.2291    0.1911
53 009 -1247.16966800   0.0093  -4.2346    2.9504
53 013 -1247.17583853   0.0031  -4.2377    1.8054
53 005 -1247.17897447   0.0000  -4.2392    2.9888
