53 009 -1238.20035226   3.2772
53 007 -1238.25760705   3.2200
53 001 -1239.47473562   2.0029
53 003 -1239.48576198   1.9918
53 002 -1239.55947110   1.9181
53 010 -1240.22623993   1.2513
53 005 -1241.02213880   0.4555
53 019 -1241.03067042   0.4469
53 006 -1241.36776623   0.1098
53 020 -1241.38076192   0.0968
53 021 -1241.38579186   0.0918
53 013 -1241.39444194   0.0831
53 017 -1241.42218683   0.0554
53 008 -1241.42307167   0.0545
53 014 -1241.44846189   0.0291
53 011 -1241.45367775   0.0239
53 012 -1241.47327507   0.0043
53 016 -1241.47615017   0.0014
53 018 -1241.47739682   0.0002
53 015 -1241.47758896   0.0000
