53 003 -1273.54756337   2.0801   -1.0935
53 001 -1273.58841471   2.0393   -1.0986
53 002 -1273.79544999   1.8322   -1.1245
53 022 -1274.10730130   1.5204   -1.1634
53 026 -1274.14776112   1.4799   -1.1685
53 023 -1274.16865662   1.4590   -1.1711
53 011 -1274.20118474   1.4265   -1.1752
53 020 -1274.28344622   1.3443   -1.1855
53 027 -1274.29376394   1.3339   -1.1868
53 030 -1274.34990946   1.2778   -1.1938
53 014 -1274.40444397   1.2233   -1.2006
53 016 -1274.44251812   1.1852   -1.2053
53 018 -1274.45806370   1.1696   -1.2073
53 021 -1275.62769695   0.0000   -1.3535
