100.00000 0.00000
107.07071 0.00000
114.14141 0.00000
121.21212 0.00000
128.28283 0.00000
135.35354 0.00000
142.42424 0.00000
149.49495 0.00000
156.56566 0.00000
163.63636 0.00000
170.70707 0.00000
177.77778 0.00000
184.84848 0.00000
191.91919 0.00000
198.98990 0.00000
206.06061 0.00000
213.13131 0.00000
220.20202 0.00000
227.27273 0.00000
234.34343 0.00000
241.41414 0.00000
248.48485 0.00000
255.55556 0.00000
262.62626 0.00000
269.69697 0.00000
276.76768 0.00000
283.83838 0.00000
290.90909 0.00000
297.97980 0.00000
305.05051 0.00000
312.12121 0.00000
319.19192 0.00000
326.26263 0.00000
333.33333 0.00001
340.40404 0.00002
347.47475 0.00006
354.54545 0.00015
361.61616 0.00038
368.68687 0.00090
375.75758 0.00207
382.82828 0.00461
389.89899 0.00999
396.96970 0.02104
404.04040 0.04312
411.11111 0.08607
418.18182 0.16713
425.25253 0.31502
432.32323 0.57344
439.39394 0.99947
446.46465 1.64664
453.53535 2.52395
460.60606 3.54645
467.67677 4.53380
474.74747 5.20803
481.81818 5.33337
488.88889 5.25951
495.95960 0.35320
503.03030 0.57025
510.10101 0.88887
517.17172 1.32543
524.24242 1.87000
531.31313 2.46900
538.38384 3.02613
545.45455 3.43488
552.52525 3.62631
559.59596 3.59508
566.66667 3.38762
573.73737 3.07080
580.80808 2.70592
587.87879 2.33726
594.94949 1.99146
602.02020 1.68161
609.09091 1.41199
616.16162 1.18177
623.23232 0.98759
630.30303 0.82509
637.37374 0.68973
644.44444 0.57729
651.51515 0.48399
658.58586 0.40657
665.65657 0.34229
672.72727 0.28885
679.79798 0.24435
686.86869 0.20722
693.93939 0.17619
701.01010 0.15018
708.08081 0.12834
715.15152 0.10995
722.22222 0.09443
729.29293 0.08130
736.36364 0.07017
743.43434 0.06070
750.50505 0.05263
757.57576 0.04574
764.64646 0.03985
771.71717 0.03478
778.78788 0.03043
785.85859 0.02668
792.92929 0.02343
800.00000 0.02063
