100.00000 0.00000
107.07071 0.00000
114.14141 0.00000
121.21212 0.00000
128.28283 0.00000
135.35354 0.00000
142.42424 0.00000
149.49495 0.00000
156.56566 0.00000
163.63636 0.00000
170.70707 0.00000
177.77778 0.00000
184.84848 0.00000
191.91919 0.00000
198.98990 0.00000
206.06061 0.00000
213.13131 0.00000
220.20202 0.00000
227.27273 0.00000
234.34343 0.00000
241.41414 0.00000
248.48485 0.00000
255.55556 0.00000
262.62626 0.00000
269.69697 0.00000
276.76768 0.00000
283.83838 0.00000
290.90909 0.00000
297.97980 0.00000
305.05051 0.00000
312.12121 0.00000
319.19192 0.00000
326.26263 0.00000
333.33333 0.00000
340.40404 0.00000
347.47475 0.00000
354.54545 0.00000
361.61616 0.00000
368.68687 0.00000
375.75758 0.00000
382.82828 0.00001
389.89899 0.00002
396.96970 0.00004
404.04040 0.00009
411.11111 0.00019
418.18182 0.00040
425.25253 0.00083
432.32323 0.00165
439.39394 0.00324
446.46465 0.00622
453.53535 0.01168
460.60606 0.02153
467.67677 0.03892
474.74747 0.06901
481.81818 0.11996
488.88889 0.20417
495.95960 0.33937
503.03030 0.54848
510.10101 0.85632
517.17172 1.27991
524.24242 1.81162
531.31313 2.40162
538.38384 2.95711
545.45455 3.37235
552.52525 3.57581
559.59596 3.55810
566.66667 3.36254
573.73737 3.05472
580.80808 2.69600
587.87879 2.33129
594.94949 1.98792
602.02020 1.67954
609.09091 1.41077
616.16162 1.18105
623.23232 0.98717
630.30303 0.82484
637.37374 0.68959
644.44444 0.57720
651.51515 0.48393
658.58586 0.40654
665.65657 0.34227
672.72727 0.28883
679.79798 0.24434
686.86869 0.20722
693.93939 0.17618
701.01010 0.15018
708.08081 0.12834
715.15152 0.10995
722.22222 0.09443
729.29293 0.08130
736.36364 0.07016
743.43434 0.06070
750.50505 0.05263
757.57576 0.04574
764.64646 0.03985
771.71717 0.03478
778.78788 0.03043
785.85859 0.02668
792.92929 0.02343
800.00000 0.02063
