100.00000 0.00000
107.07071 0.00000
114.14141 0.00000
121.21212 0.00000
128.28283 0.00000
135.35354 0.00000
142.42424 0.00000
149.49495 0.00000
156.56566 0.00000
163.63636 0.00000
170.70707 0.00000
177.77778 0.00000
184.84848 0.00000
191.91919 0.00000
198.98990 0.00000
206.06061 0.00000
213.13131 0.00000
220.20202 0.00000
227.27273 0.00000
234.34343 0.00000
241.41414 0.00000
248.48485 0.00000
255.55556 0.00000
262.62626 0.00000
269.69697 0.00000
276.76768 0.00000
283.83838 0.00000
290.90909 0.00000
297.97980 0.00000
305.05051 0.00000
312.12121 0.00001
319.19192 0.00003
326.26263 0.00010
333.33333 0.00027
340.40404 0.00073
347.47475 0.00189
354.54545 0.00474
361.61616 0.01144
368.68687 0.02669
375.75758 0.06018
382.82828 0.13111
389.89899 0.27512
396.96970 0.55191
404.04040 1.04466
411.11111 1.83109
418.18182 2.91655
425.25253 4.18168
432.32323 5.42696
439.39394 6.47894
446.46465 7.24716
453.53535 7.71340
460.60606 7.90073
467.67677 7.85030
474.74747 7.60857
481.81818 6.91145
488.88889 6.14777
495.95960 0.35216
503.03030 0.56861
510.10101 0.88642
517.17172 1.32201
524.24242 1.86562
531.31313 2.46396
538.38384 3.02099
545.45455 3.43024
552.52525 3.62258
559.59596 3.59235
566.66667 3.38578
573.73737 3.06962
580.80808 2.70519
587.87879 2.33682
594.94949 1.99120
602.02020 1.68146
609.09091 1.41190
616.16162 1.18172
623.23232 0.98756
630.30303 0.82507
637.37374 0.68972
644.44444 0.57729
651.51515 0.48398
658.58586 0.40657
665.65657 0.34229
672.72727 0.28885
679.79798 0.24435
686.86869 0.20722
693.93939 0.17619
701.01010 0.15018
708.08081 0.12834
715.15152 0.10995
722.22222 0.09443
729.29293 0.08130
736.36364 0.07017
743.43434 0.06070
750.50505 0.05263
757.57576 0.04574
764.64646 0.03985
771.71717 0.03478
778.78788 0.03043
785.85859 0.02668
792.92929 0.02343
800.00000 0.02063
