0.32000 100.00000
0.32000 107.07071
0.32000 114.14141
0.32000 121.21212
0.32000 128.28283
0.32000 135.35354
0.32000 142.42424
0.32000 149.49495
0.32000 156.56566
0.32000 163.63636
0.32000 170.70707
0.32000 177.77778
0.32000 184.84848
0.32000 191.91919
0.32000 198.98990
0.32000 206.06061
0.32000 213.13131
0.32000 220.20202
0.32000 227.27273
0.32000 234.34343
0.32000 241.41414
0.32000 248.48485
0.32000 255.55556
0.32000 262.62626
0.32000 269.69697
0.32000 276.76768
0.32000 283.83838
0.32000 290.90909
0.32000 297.97980
0.32000 305.05051
0.32000 312.12121
0.32000 319.19192
0.32000 326.26263
0.32000 333.33333
0.32000 340.40404
0.32000 347.47475
0.32000 354.54545
0.32000 361.61616
0.32000 368.68687
0.32000 375.75758
0.32000 382.82828
0.32000 389.89899
0.32000 396.96970
0.32000 404.04040
0.32000 411.11111
0.32000 418.18182
0.31999 425.25253
0.31998 432.32323
0.31997 439.39394
0.31993 446.46465
0.31987 453.53535
0.31976 460.60606
0.31955 467.67677
0.31918 474.74747
0.31853 481.81818
0.31740 488.88889
0.31552 495.95960
0.31243 503.03030
0.30753 510.10101
0.30005 517.17172
0.28917 524.24242
0.27429 531.31313
0.25529 538.38384
0.23280 545.45455
0.20810 552.52525
0.18276 559.59596
0.15821 566.66667
0.13547 573.73737
0.11513 580.80808
0.09736 587.87879
0.08211 594.94949
0.06917 602.02020
0.05827 609.09091
0.04912 616.16162
0.04148 623.23232
0.03509 630.30303
0.02975 637.37374
0.02528 644.44444
0.02154 651.51515
0.01840 658.58586
0.01576 665.65657
0.01354 672.72727
0.01166 679.79798
0.01007 686.86869
0.00871 693.93939
0.00756 701.01010
0.00658 708.08081
0.00574 715.15152
0.00502 722.22222
0.00440 729.29293
0.00386 736.36364
0.00340 743.43434
0.00300 750.50505
0.00265 757.57576
0.00235 764.64646
0.00209 771.71717
0.00186 778.78788
0.00166 785.85859
0.00148 792.92929
0.00133 800.00000
