0.54000 1.37280
0.54000 1.37280
0.54000 1.37280
0.54000 1.37280
0.54000 1.37280
0.54000 1.37280
0.54000 1.37280
0.54000 1.37280
0.54000 1.37280
0.54000 1.37280
0.54000 1.37280
0.54000 1.37280
0.54000 1.37280
0.54000 1.37280
0.54000 1.37280
0.54000 1.37280
0.54000 1.37280
0.54000 1.37280
0.54000 1.37280
0.54000 1.37280
0.54000 1.37280
0.54000 1.37280
0.54000 1.37280
0.54000 1.37280
0.54000 1.37280
0.54000 1.37280
0.54000 1.37280
0.54000 1.37280
0.54000 1.37280
0.54000 1.37280
0.54000 1.37280
0.54000 1.37280
0.54000 1.37280
0.54000 1.37280
0.54000 1.37280
0.54000 1.37280
0.54000 1.37280
0.54000 1.37280
0.53999 1.37280
0.53998 1.37280
0.53996 1.37280
0.53991 1.37281
0.53981 1.37282
0.53959 1.37283
0.53915 1.37287
0.53828 1.37294
0.53663 1.37307
0.53357 1.37331
0.52812 1.37375
0.51891 1.37449
0.50429 1.37566
0.48287 1.37737
0.45422 1.37966
0.41892 1.38297
0.38152 1.38896
0.34397 1.39496
0.31918 1.52000
0.31597 1.52000
0.31088 1.52000
0.30312 1.52000
0.29187 1.52000
0.27654 1.52000
0.25706 1.52000
0.23410 1.52000
0.20900 1.52000
0.18335 1.52000
0.15858 1.52000
0.13570 1.52000
0.11526 1.52000
0.09744 1.52000
0.08216 1.52000
0.06919 1.52000
0.05828 1.52000
0.04913 1.52000
0.04148 1.52000
0.03509 1.52000
0.02975 1.52000
0.02529 1.52000
0.02154 1.52000
0.01840 1.52000
0.01576 1.52000
0.01354 1.52000
0.01166 1.52000
0.01007 1.52000
0.00871 1.52000
0.00756 1.52000
0.00658 1.52000
0.00574 1.52000
0.00502 1.52000
0.00440 1.52000
0.00386 1.52000
0.00340 1.52000
0.00300 1.52000
0.00265 1.52000
0.00235 1.52000
0.00209 1.52000
0.00186 1.52000
0.00166 1.52000
0.00148 1.52000
0.00133 1.52000
