0.86000 1.33156
0.86000 1.33045
0.86000 1.32935
0.86000 1.32824
0.86000 1.32713
0.86000 1.32603
0.86000 1.32492
0.86000 1.32382
0.86000 1.32271
0.86000 1.32160
0.86000 1.32050
0.86000 1.31939
0.86000 1.31829
0.86000 1.31718
0.86000 1.31607
0.86000 1.31497
0.86000 1.31386
0.86000 1.31276
0.86000 1.31165
0.86000 1.31054
0.86000 1.30944
0.86000 1.30833
0.86000 1.30723
0.86000 1.30612
0.86000 1.30501
0.86000 1.30391
0.86000 1.30280
0.86000 1.30169
0.86000 1.30059
0.86000 1.29948
0.86000 1.29838
0.86000 1.29727
0.86000 1.29617
0.86000 1.29506
0.85999 1.29395
0.85999 1.29285
0.85996 1.29175
0.85991 1.29067
0.85978 1.28960
0.85949 1.28860
0.85884 1.28772
0.85747 1.28712
0.85464 1.28703
0.84915 1.28791
0.83917 1.29034
0.82254 1.29493
0.79750 1.30197
0.76346 1.31127
0.72122 1.32231
0.67251 1.33452
0.61945 1.34740
0.56409 1.36064
0.50828 1.37400
0.45353 1.38734
0.40121 1.40243
0.35518 1.41829
0.31891 1.55243
0.31570 1.55353
0.31063 1.55504
0.30289 1.55715
0.29167 1.56008
0.27637 1.56407
0.25693 1.56927
0.23401 1.57574
0.20893 1.58339
0.18331 1.59205
0.15855 1.60150
0.13568 1.61154
0.11525 1.62201
0.09744 1.63277
0.08215 1.64373
0.06919 1.65483
0.05828 1.66604
0.04913 1.67731
0.04148 1.68863
0.03509 1.70000
0.02975 1.71138
0.02529 1.72280
0.02154 1.73423
0.01840 1.74567
0.01576 1.75713
0.01354 1.76861
0.01166 1.78009
0.01007 1.79158
0.00871 1.80309
0.00756 1.81460
0.00658 1.82612
0.00574 1.83766
0.00502 1.84920
0.00440 1.86075
0.00386 1.87230
0.00340 1.88387
0.00300 1.89545
0.00265 1.90703
0.00235 1.91862
0.00209 1.93022
0.00186 1.94182
0.00166 1.95344
0.00148 1.96506
0.00133 1.97669
