0.86000 1.34720
0.86000 1.34720
0.86000 1.34720
0.86000 1.34720
0.86000 1.34720
0.86000 1.34720
0.86000 1.34720
0.86000 1.34720
0.86000 1.34720
0.86000 1.34720
0.86000 1.34720
0.86000 1.34720
0.86000 1.34720
0.86000 1.34720
0.86000 1.34720
0.86000 1.34720
0.86000 1.34720
0.86000 1.34720
0.86000 1.34720
0.86000 1.34720
0.86000 1.34720
0.86000 1.34720
0.86000 1.34720
0.86000 1.34720
0.86000 1.34720
0.86000 1.34720
0.86000 1.34720
0.86000 1.34720
0.86000 1.34720
0.86000 1.34720
0.86000 1.34720
0.86000 1.34720
0.86000 1.34720
0.86000 1.34720
0.85999 1.34720
0.85999 1.34720
0.85996 1.34720
0.85991 1.34721
0.85978 1.34722
0.85949 1.34724
0.85884 1.34729
0.85747 1.34740
0.85464 1.34763
0.84915 1.34807
0.83917 1.34887
0.82254 1.35020
0.79750 1.35220
0.76346 1.35492
0.72122 1.35830
0.67251 1.36220
0.61945 1.36644
0.56409 1.37087
0.50828 1.37534
0.45353 1.37972
0.40121 1.38581
0.35518 1.39317
0.31891 1.52000
0.31570 1.52000
0.31063 1.52000
0.30289 1.52000
0.29167 1.52000
0.27637 1.52000
0.25693 1.52000
0.23401 1.52000
0.20893 1.52000
0.18331 1.52000
0.15855 1.52000
0.13568 1.52000
0.11525 1.52000
0.09744 1.52000
0.08215 1.52000
0.06919 1.52000
0.05828 1.52000
0.04913 1.52000
0.04148 1.52000
0.03509 1.52000
0.02975 1.52000
0.02529 1.52000
0.02154 1.52000
0.01840 1.52000
0.01576 1.52000
0.01354 1.52000
0.01166 1.52000
0.01007 1.52000
0.00871 1.52000
0.00756 1.52000
0.00658 1.52000
0.00574 1.52000
0.00502 1.52000
0.00440 1.52000
0.00386 1.52000
0.00340 1.52000
0.00300 1.52000
0.00265 1.52000
0.00235 1.52000
0.00209 1.52000
0.00186 1.52000
0.00166 1.52000
0.00148 1.52000
0.00133 1.52000
