0.32000 1.52000
0.32000 1.52000
0.32000 1.52000
0.32000 1.52000
0.32000 1.52000
0.32000 1.52000
0.32000 1.52000
0.32000 1.52000
0.32000 1.52000
0.32000 1.52000
0.32000 1.52000
0.32000 1.52000
0.32000 1.52000
0.32000 1.52000
0.32000 1.52000
0.32000 1.52000
0.32000 1.52000
0.32000 1.52000
0.32000 1.52000
0.32000 1.52000
0.32000 1.52000
0.32000 1.52000
0.32000 1.52000
0.32000 1.52000
0.32000 1.52000
0.32000 1.52000
0.32000 1.52000
0.32000 1.52000
0.32000 1.52000
0.32000 1.52000
0.32000 1.52000
0.32000 1.52000
0.32000 1.52000
0.32000 1.52000
0.32000 1.52000
0.32000 1.52000
0.32000 1.52000
0.32000 1.52000
0.32000 1.52000
0.32000 1.52000
0.32000 1.52000
0.32000 1.52000
0.32000 1.52000
0.32000 1.52000
0.32000 1.52000
0.32000 1.52000
0.31999 1.52000
0.31998 1.52000
0.31997 1.52000
0.31993 1.52000
0.31987 1.52000
0.31976 1.52000
0.31955 1.52000
0.31918 1.52000
0.31853 1.52000
0.31740 1.52000
0.31552 1.52000
0.31243 1.52000
0.30753 1.52000
0.30005 1.52000
0.28917 1.52000
0.27429 1.52000
0.25529 1.52000
0.23280 1.52000
0.20810 1.52000
0.18276 1.52000
0.15821 1.52000
0.13547 1.52000
0.11513 1.52000
0.09736 1.52000
0.08211 1.52000
0.06917 1.52000
0.05827 1.52000
0.04912 1.52000
0.04148 1.52000
0.03509 1.52000
0.02975 1.52000
0.02528 1.52000
0.02154 1.52000
0.01840 1.52000
0.01576 1.52000
0.01354 1.52000
0.01166 1.52000
0.01007 1.52000
0.00871 1.52000
0.00756 1.52000
0.00658 1.52000
0.00574 1.52000
0.00502 1.52000
0.00440 1.52000
0.00386 1.52000
0.00340 1.52000
0.00300 1.52000
0.00265 1.52000
0.00235 1.52000
0.00209 1.52000
0.00186 1.52000
0.00166 1.52000
0.00148 1.52000
0.00133 1.52000
