0.32000 1.52650
0.32000 1.52695
0.32000 1.52741
0.32000 1.52787
0.32000 1.52833
0.32000 1.52879
0.32000 1.52925
0.32000 1.52971
0.32000 1.53017
0.32000 1.53063
0.32000 1.53109
0.32000 1.53155
0.32000 1.53201
0.32000 1.53247
0.32000 1.53292
0.32000 1.53338
0.32000 1.53384
0.32000 1.53430
0.32000 1.53476
0.32000 1.53522
0.32000 1.53568
0.32000 1.53614
0.32000 1.53660
0.32000 1.53706
0.32000 1.53752
0.32000 1.53798
0.32000 1.53844
0.32000 1.53890
0.32000 1.53935
0.32000 1.53981
0.32000 1.54027
0.32000 1.54073
0.32000 1.54119
0.32000 1.54165
0.32000 1.54211
0.32000 1.54257
0.32000 1.54303
0.32000 1.54349
0.32000 1.54395
0.32000 1.54441
0.32000 1.54487
0.32000 1.54532
0.32000 1.54578
0.32000 1.54624
0.32000 1.54670
0.32000 1.54716
0.31999 1.54762
0.31998 1.54808
0.31997 1.54855
0.31993 1.54901
0.31987 1.54948
0.31976 1.54996
0.31955 1.55046
0.31918 1.55099
0.31853 1.55158
0.31740 1.55226
0.31552 1.55310
0.31243 1.55419
0.30753 1.55568
0.30005 1.55775
0.28917 1.56063
0.27429 1.56455
0.25529 1.56967
0.23280 1.57605
0.20810 1.58363
0.18276 1.59222
0.15821 1.60162
0.13547 1.61163
0.11513 1.62207
0.09736 1.63281
0.08211 1.64376
0.06917 1.65485
0.05827 1.66605
0.04912 1.67732
0.04148 1.68864
0.03509 1.70000
0.02975 1.71139
0.02528 1.72280
0.02154 1.73423
0.01840 1.74568
0.01576 1.75713
0.01354 1.76861
0.01166 1.78009
0.01007 1.79158
0.00871 1.80309
0.00756 1.81460
0.00658 1.82612
0.00574 1.83766
0.00502 1.84920
0.00440 1.86075
0.00386 1.87230
0.00340 1.88387
0.00300 1.89545
0.00265 1.90703
0.00235 1.91862
0.00209 1.93022
0.00186 1.94182
0.00166 1.95344
0.00148 1.96506
0.00133 1.97669
