0.54000 1.37142
0.54000 1.37132
0.54000 1.37122
0.54000 1.37113
0.54000 1.37103
0.54000 1.37093
0.54000 1.37083
0.54000 1.37073
0.54000 1.37064
0.54000 1.37054
0.54000 1.37044
0.54000 1.37034
0.54000 1.37025
0.54000 1.37015
0.54000 1.37005
0.54000 1.36995
0.54000 1.36986
0.54000 1.36976
0.54000 1.36966
0.54000 1.36956
0.54000 1.36946
0.54000 1.36937
0.54000 1.36927
0.54000 1.36917
0.54000 1.36907
0.54000 1.36898
0.54000 1.36888
0.54000 1.36878
0.54000 1.36868
0.54000 1.36859
0.54000 1.36849
0.54000 1.36839
0.54000 1.36829
0.54000 1.36819
0.54000 1.36810
0.54000 1.36800
0.54000 1.36790
0.54000 1.36780
0.53999 1.36771
0.53998 1.36761
0.53996 1.36752
0.53991 1.36743
0.53981 1.36736
0.53959 1.36731
0.53915 1.36731
0.53828 1.36741
0.53663 1.36769
0.53357 1.36831
0.52812 1.36949
0.51891 1.37158
0.50429 1.37499
0.48287 1.38009
0.45422 1.38706
0.41892 1.39636
0.38152 1.40902
0.34397 1.42216
0.31918 1.55237
0.31597 1.55348
0.31088 1.55499
0.30312 1.55710
0.29187 1.56004
0.27654 1.56403
0.25706 1.56924
0.23410 1.57571
0.20900 1.58337
0.18335 1.59203
0.15858 1.60149
0.13570 1.61153
0.11526 1.62200
0.09744 1.63276
0.08216 1.64373
0.06919 1.65483
0.05828 1.66604
0.04913 1.67731
0.04148 1.68863
0.03509 1.69999
0.02975 1.71138
0.02529 1.72280
0.02154 1.73423
0.01840 1.74567
0.01576 1.75713
0.01354 1.76861
0.01166 1.78009
0.01007 1.79158
0.00871 1.80309
0.00756 1.81460
0.00658 1.82612
0.00574 1.83766
0.00502 1.84920
0.00440 1.86075
0.00386 1.87230
0.00340 1.88387
0.00300 1.89545
0.00265 1.90703
0.00235 1.91862
0.00209 1.93022
0.00186 1.94182
0.00166 1.95344
0.00148 1.96506
0.00133 1.97669
