53 009 -1249.17605633   3.7220  -5.2378    4.9986
53 010 -1250.27047759   2.6276  -5.7850    2.3927
53 001 -1250.97607217   1.9220  -6.1378   -3.9692
53 003 -1251.00600656   1.8921  -6.1527    4.7028
53 002 -1251.01020543   1.8879  -6.1548    4.4821
53 014 -1251.62895055   1.2691  -6.4642    3.5970
53 020 -1251.63995431   1.2581  -6.4697    3.3750
53 012 -1251.64337698   1.2547  -6.4714    3.3668
53 008 -1251.68259161   1.2155  -6.4910    3.8141
53 015 -1252.27992590   0.6181  -6.7897    2.1109
53 011 -1252.31732045   0.5808  -6.8084    1.7857
53 007 -1252.44424691   0.4538  -6.8719    1.5519
53 019 -1252.44605922   0.4520  -6.8728    1.5852
53 016 -1252.78193471   0.1161  -7.0407    2.8834
53 021 -1252.83108655   0.0670  -7.0653    1.3741
53 013 -1252.88214986   0.0159  -7.0908    3.2314
53 017 -1252.88868547   0.0094  -7.0941    5.9667
53 018 -1252.89807055   0.0000  -7.0988    6.0896
