53 049 -1281.45865971   3.7527  -0.7959    6.3626
53 022 -1281.96174424   3.2496  -0.8462    4.0942
53 020 -1282.09756107   3.1138  -0.8598    6.3880
53 007 -1282.10450691   3.1068  -0.8605    7.0132
53 021 -1282.13732001   3.0740  -0.8638    7.1217
53 010 -1282.14777385   3.0635  -0.8648    2.1700
53 055 -1283.32560830   1.8857  -0.9826    0.0000
53 056 -1283.64856602   1.5627  -1.0149    7.6138
53 009 -1283.94852253   1.2628  -1.0449    6.9327
53 050 -1283.95461321   1.2567  -1.0455    7.6119
53 017 -1283.99859158   1.2127  -1.0499    3.1181
53 008 -1284.13419199   1.0771  -1.0635   -2.8952
53 023 -1284.50103801   0.7103  -1.1002    2.4811
53 028 -1284.50414219   0.7072  -1.1005    4.4016
53 019 -1284.59797576   0.6133  -1.1099    4.0160
53 012 -1284.61648412   0.5948  -1.1117    2.6162
53 037 -1284.82573139   0.3856  -1.1326    5.9253
53 018 -1285.21131440   0.0000  -1.1712    3.9889
