53 016 -1261.73566621   2.5504 -11.5176    4.2908
53 024 -1261.74044119   2.5456 -11.5200    4.1708
53 030 -1261.75752149   2.5285 -11.5285    4.2208
53 007 -1262.28844518   1.9976 -11.7940    5.7249
53 006 -1262.31105018   1.9750 -11.8053    0.0340
53 005 -1262.34106275   1.9450 -11.8203    0.7184
53 003 -1262.37799568   1.9080 -11.8387   -6.7337
53 001 -1262.39388742   1.8921 -11.8467    7.3046
53 018 -1262.39987971   1.8862 -11.8497    0.2824
53 002 -1262.42215428   1.8639 -11.8608    5.8314
53 029 -1262.79946246   1.4866 -12.0495    3.7573
53 022 -1262.99442381   1.2916 -12.1469    6.8415
53 031 -1262.99616961   1.2899 -12.1478    6.8706
53 019 -1263.02877354   1.2573 -12.1641    4.7900
53 028 -1263.03039988   1.2556 -12.1649    4.1137
53 026 -1263.03091950   1.2551 -12.1652    4.1018
53 017 -1263.03362542   1.2524 -12.1665    4.7957
53 023 -1263.05970115   1.2263 -12.1796    4.8273
53 021 -1263.08470135   1.2013 -12.1921    3.6203
53 010 -1263.69767854   0.5884 -12.4986    3.2024
53 015 -1263.70323628   0.5828 -12.5014    3.0042
53 020 -1263.70535041   0.5807 -12.5024    2.8741
53 033 -1264.25397051   0.0321 -12.7767    3.1315
53 025 -1264.25535945   0.0307 -12.7774    3.1419
53 032 -1264.26884572   0.0172 -12.7842    3.1133
53 034 -1264.28204043   0.0040 -12.7908    2.5607
53 014 -1264.28603515   0.0000 -12.7928    2.5802
